3.0115029066885106
2.7828040867367196
5.3537020183180895
2.403940702965139
7.058773629300128
2.7585229709900307
4.99840681873626
4.313427214219483
5.0543516212151305
12.962067026005688
12.520060886024616
4.425664164074128
6.55432191355067
4.076544392257556
2.7178311926234855
7.097275144423813
2.582704909160389
4.2173044925701975
5.482883273306743
3.1551852396422406
2.8627793861703625
6.30178714857286
11.430141334649631
9.868719383115435
3.5621848884873706
5.480024311704999
8.463645524765562
8.120972280601892
2.9598415455680933
3.0274424927880244
4.223723198102101
4.151054673351423
4.217870421061773
8.698096856829734
3.7043827997375485
5.05609714154865
10.627546249382656
3.8635237182361206
10.811386388459695
3.4533231766292243
9.191650721847125
5.616804943925812
3.9981991660014855
3.4929427186247852
1.2586866406900346
4.3605049645941385
3.8756897415293903
12.71329430539013
10.017948953567481
12.095031057393125
13.173386742854714
7.695340100233221
12.713920455592314
4.003938517607343
6.209757368790928
4.461703290857792
6.257751075156192
6.258286514713874
7.46204812651999
10.870407274967897
5.653697543259604
9.715708530977404
2.762684262719699
8.659236050664305
5.733397224200183
4.052588235865466
7.926300386703551
3.4661070214537433
3.9397151742005443
3.9978424122678256
8.571811260016748
3.912118643012004
7.293922568487672
11.861865020019184
5.605585379146376
11.440554175080795
4.261202540731508
10.198446715327089
5.0960556360705835
5.730904330112814
4.213045884425042
11.063295776078933
12.892182561484473
9.524982016854102
2.8438571537792114
3.974948414088623
3.0353857277295866
3.975124586952613
3.5634544541229376
6.859461762379207
4.273741856829875
3.4702874875982497
3.6814579827246554
11.742161881850931
3.103299936595585
9.323984226023248
4.057453124955678
2.754502429635742
12.590571575386743
3.7328527868617147
10.372298008302241
12.35235620984026
9.628762712466832
13.927952137916717
9.314996250622483
6.93022639663832
9.99003083224225
4.132248299903356
3.551357920654927
5.025931197883915
9.120821665981303
3.354356399964131
11.725361422672721
8.076804772048314
5.197573082779465
7.434764419047405
5.567178416567911
7.513552133956582
10.804561356649417
3.171410129489036
4.170771902563832
4.853132808881522
2.0827928740779242
6.133622232657429
3.94857578246373
9.567320356217223
3.045269114351013
5.566402814707898
3.5117746686862215
4.738907489770504
7.527240697897995
6.243150733854656
10.780485990954295
2.0369991960368288
3.459470159509517
13.748485388742393
12.14042936168036
3.781057748530899
12.247585679601407
10.084787954266522
11.804601798645553
10.425660948319535
4.042647495599192
8.298592988281433
5.819532269225769
3.280316895527594
10.420643967128779
2.814812107219203
7.8320390949516
3.398886381930616
9.6843034550477
5.2130725535916245
9.71474270519904
4.329434406348163
4.735742352670328
10.01696296393998
3.4535613853401634
7.095027888279368
4.442985188205003
7.8524004715131115
12.699817803897972
2.1891381618260466
13.718848873033155
13.871993640534093
3.494339944538198
3.9554326386429146
1.8298024272751374
4.370100138115499
4.253460389676173
7.866133664773326
13.900966082448162
7.54196349589526
4.088854413923015
4.868032929945853
4.3911046864220165
2.8962462660737054
8.28124696228224
4.98828926004717
4.6430307521051315
10.897026012778102
11.227685219312589
13.727309277815776
4.586790227956036
4.024184990570199
13.955982212830202
2.8258060325849623
12.766525342244549
0.8601585413727206
12.440219336366471
6.447308351457749
2.6216529439219154
5.067668044485707
6.226464890266792
3.2096518752850183
3.993517076497272
3.749628131392089
10.163155634193409
5.93463614919306
4.864690403155172
6.521662493937697
12.65919009133078
6.881558781225273
3.556946329929569
7.265645947762666
2.8319942892729046
5.4199100673261595
3.6267340306843048
7.258730703795868
8.946605421128341
2.1059273842742505
3.6653333028585737
9.479885978754133
4.282172867169367
7.254548726590233
3.664493172973285
6.545068237905956
12.369464698307523
2.5442178813129783
6.9598033183920665
2.3109167598879665
7.663747000182223
4.957825382185295
4.841944483185521
3.9239383665041965
6.534332472573571
3.9714822927003666
6.058145351564177
3.087134787505906
1.6003351650533537
2.0172852897335263
2.5238100528537286
2.253853460906157
2.7463222501381983
9.179085035100448
7.7455218892725055
8.554207780682809
4.547267473665769
8.241220859124626
3.564517973800313
0.6657889861122848
2.6306730157315674
2.2730542441841557
3.458979463205173
2.421765882963431
12.596207922901922
2.767019244425123
2.722623599029993
6.424735924185059
3.1810139378378803
3.7301279853946223
4.061995316862069
3.55232543695652
7.607334080905756
9.643018850254226
4.9490636722325
2.613300629304554
11.124121370971068
3.613589176659678
3.576292366168516
9.471082284269006
3.868891849270943
2.137612773610175
2.4890727442057274
4.921016269345489
8.227284586998795
7.692587555511729
4.4699874101924255
10.580655210111173
3.3630499907171125
4.060612794123886
11.633272881284746
6.631593220517692
3.196146389196427
12.745704339713136
2.8100273845761357
4.83640385466098
3.81372787568127
9.106160113936204
10.446719590796839
2.652634528422082
3.8600764281561672
2.662543366620281
13.399257817506657
5.567225530429526
3.0408442932532163
8.465739388002104
6.2617165290977725
3.7663278797750452
12.9973967005674
3.97184709996937
7.099825909719951
9.066353546372268
8.867657293730927
4.19953895146193
8.974608748058184
4.070867059691449
5.122738156815097
5.679695178219269
3.601958499222458
9.286343076208107
3.986833593435623
3.864817320578022
7.867109383552824
3.1061319452624248
1.857948128012538
3.2841418173049837
7.907631698443482
7.091342677213522
3.0576534473257477
9.404175576814811
5.767260142932609
13.334187133746681
7.3285369838019845
3.0027350817575345
7.6575312550343995
12.002447022514296
6.875350388200038
5.414035543269866
3.4535788634793905
7.532846482138653
9.281807727408802
6.582537293536543
3.644185388768073
3.903766496504476
4.6307967257259355
6.453167600159563
4.316239116438325
9.451612166394721
2.1304545681185783
6.491979938409199
6.327406711504932
8.66940204468635
7.198991017300804
4.070246214539851
5.877296102099866
2.796401759560689
13.583109477429744
10.83786407919812
4.077019081189117
3.954804006013947
2.967588300752487
9.686585424522395
13.664469245596747
2.6632147552282324
10.302159842333584
4.634881942235683
13.082532488716787
2.5652223467888633
11.557600615944148
9.582405285585578
3.829556845920604
2.958581230853178
5.153564432873506
3.8065693616546326
2.772836645917254
5.536737114221926
12.897844227564063
4.796722785922418
3.3375518717641137
11.155304222915634
7.47890824923461
12.701238847887106
7.257990043631868
3.9560352402119148
4.6792985878152535
7.203098717819876
3.4747895998502534
9.883480739230006
4.368312879659227
3.386606835045071
3.6583903507792
5.43486951967015
2.587127725983068
3.099130171995604
4.843284536367819
9.85865274096958
6.780195499328793
8.892496433914166
3.366849269354827
3.6905946542018815
11.527272779851469
6.643583962822359
6.068865045968055
3.6007326630695196
8.925089399164989
9.953908228460469
7.427591860416224
3.930311215778041
2.593878382883589
3.5175653744014572
5.529375359918765
10.115559941408273
4.942876191505813
3.4388566862865884
8.186183054475842
7.696244286909059
5.987196813803364
9.462024659684339
13.613818276358689
13.304655954551897
4.088508731088403
3.9416791706743
4.237709937762023
7.2577532253880905
8.25841645733977
3.9486585262814264
10.99992168219917
11.083518644510704
3.8419880018291606
4.811935198854827
3.0862168292627166
4.098472877339711
5.460005379596595
1.5033186815557682
4.010328163838664
4.603711226679168
4.212218722105779
3.2726249624200934
11.131892032758174
6.1670299248282365
2.8035135073008726
3.212234710905726
4.235188920002972
2.7561520274305487
3.579762762479006
4.351132013510092
10.492845090681366
6.79317809857862
4.695682399513123
8.400162658857488
9.593867363092734
3.3108308247112284
3.577884748915606
3.989135110237302
4.780888952605504
4.132224382846448
1.0913067491986694
6.01815990334092
4.464083022643716
4.999970148577163
10.694361573728399
4.065007173521532
6.64504271390386
1.84191326066146
10.136248244824714
8.422167204465525
12.995510689598444
2.2170660320934075
3.027189782053875
3.8572172212128324
5.785873193489526
2.5405919933177166
1.7095203298130208
9.343659179651619
5.166674004057621
3.775605998387305
6.2059254479188395
3.9669734676691535
3.006821810662832
4.319841525101453
3.6321654805169343
6.1886676212876
2.1380241535425224
2.0694621519557597
10.78019253097434
3.4004669800452296
9.355445591165797
3.1548692849877336
6.607986913938263
8.41609588510406
13.026471658776016
3.5423260630154587
4.006292737213649
12.341790932193888
4.067477709463144
11.297588374905345
2.0438449650696606
3.193900168268846
7.914454642996687
3.4103886634891984
2.2524365864281912
12.610030187722154
2.1105093690953467
9.655431299975142
3.132124876412157
5.96364056309393
3.199584761533112
3.8184207272624318
10.449166576054628
9.30962032169905
2.911915967715843
4.574781031790578
12.153017105454854
4.528004884705944
8.675941996626118
2.828510088918544
2.003160491588761
3.5651290583465336
8.106823861176945
3.308552688503685
3.663512982739413
11.470427076415783
5.159188411996021
3.7669119851264674
5.925117556608801
7.579627428095451
3.624173622834756
10.750610460496798
4.333773102352921
5.380944148407344
3.78640551816011
3.346937428110776
3.908213603697936
9.61706225458665
4.00075204144912
3.4205214206353864
6.367351412936913
1.8053098953434956
4.568432891140962
13.69440256005831
4.819623769243023
4.5932567309446855
3.772884399751506
3.2563981008568046
10.865775034524516
3.317901874244698
2.7123050720696056
7.263062182940883
9.816495964757902
2.2666518455700837
9.533642707557838
8.175555698897709
3.155968710368235
10.172937279493478
6.980366816765903
7.275319637197935
6.423113357842012
7.201730942869946
4.668103474314703
3.2911405113218035
4.022713092966456
1.8303221487049985
4.320014745252732
4.150438254583117
5.574136784268063
2.741636154044888
3.3103484856482113
5.677301397666753
5.6716977613828
11.664462032011238
6.080176591385167
4.500413111283703
5.004294565543531
7.607276024420265
10.777737765273528
4.207738565314055
8.062731583602115
4.582688524646351
3.711731061327373
9.28346318882696
3.391545955472722
8.132901664340825
11.726185170697697
5.056484460379935
4.677334921800912
9.535010711502755
13.615009633652946
2.643919224823283
4.237899166149123
12.455874814506576
5.650407698137084
12.762625369743233
11.283107667435551
12.863511568955916
7.633026230990518
3.521017723041961
4.65195751545316
4.273222648817819
5.007944442760774
3.5359983956900223
4.974210117837237
5.066058040687494
2.4181003589394896
3.168917911519568
7.307892476067952
4.1799844395787265
5.173418365966901
13.647781023112657
3.642906310512421
5.451993752165165
3.902906622721137
3.546055717980739
3.186555421091041
3.8556202722560506
3.368797705308663
12.372436059721391
12.032632622115997
12.671371305800486
3.4886384789708345
4.218778407375898
10.205553144604773
4.741747948071467
2.687373631978081
2.8059506349009222
6.269554517381612
9.355001052766163
3.986639332952778
3.9305543300158696
1.4424456005849484
9.414706614975481
4.72625142215966
5.963811591310821
13.560239201904501
10.677901328673151
5.095895673586986
11.528535083211892
7.039737784197325
6.280359877845295
6.854569779124011
9.639894698849243
5.6013192895018395
5.547080150732027
8.577800753877879
2.1791132212857613
12.407998119690225
3.1964466178805666
2.878158011222885
11.601579476367888
3.1904638093524444
13.565436929541418
6.049572568158109
1.0360408674490869
0.7783039938942542
3.6770386246152755
3.6856255080500544
6.002790691443906
8.357151614135132
13.032042214787571
3.6729043413448488
13.52578820996603
1.5154912945404266
1.9140157001577045
7.391465741951704
2.651433743713778
12.625558757185885
2.7809570581572225
2.3292725246503916
13.865500783305576
3.525763603229976
13.963758311646513
3.8370483462013385
12.381668476906214
3.8450091878415287
3.489624426713629
5.256406667438662
8.292189283543394
5.161480073809388
11.046669339210876
12.942842441367722
3.3271282587684174
9.589779147149379
10.846791449336692
2.6745543662362614
7.759633960475613
12.496090702813365
3.681576277997333
4.708823862026172
3.442659730263755
3.93398332339682
6.83736405530574
3.4957239479088678
8.974432104598913
8.73186149162916
8.568096546013233
9.196380290051998
12.42289606040504
4.003793799975241
6.23954416986491
5.062649838285757
5.949438159749532
1.1226185193470695
12.718590416182096
8.660415404099453
12.526708058263806
7.184766609186493
4.342605541120227
2.923363200729653
10.288146110741845
13.412316025712853
3.5581150475918712
10.171950266442572
13.534744323326015
10.022581081608092
12.612341911064878
3.2039254003959936
9.692279922842461
4.059419879850039
5.019775004135535
5.690415083511854
7.421506095670884
3.5321358473137607
3.2433627582949747
11.46074425250162
6.195821390456848
12.322827231200906
12.996475595346704
2.9824611583307097
8.47031434442547
13.063989632141537
3.817454890366814
3.0984077250456235
7.4150878066175245
8.005468260717754
5.385875304664613
3.1682146812585334
4.221457314695625
4.1997553155160725
8.900255611566157
4.465355907939802
4.1098087695437755
3.163472237107923
12.027024775113318
6.495561200355629
3.4392247042092263
7.355719378477911
3.4721444471370115
2.7902293784360914
2.792808415735946
2.898359344029791
11.04235924264492
4.038363429596996
9.711532771316778
6.962398537655489
3.9740797311578064
3.2974666249316487
11.998762641609613
8.708864393590128
3.479054344088877
3.5115581083305707
4.450747698184735
9.820659398953785
11.09103903360122
5.828350234464893
1.8254256929135166
10.048239609008668
2.481235572436296
3.55603230900267
2.5835768397355277
13.310404204131594
2.9530122078569594
13.207411130449175
5.060314513086636
7.137738436906386
5.649621919906441
11.08716197975504
2.900974262743917
6.3367725807301545
10.220841538739087
2.9252528255066435
4.640966838703815
9.580891473005504
2.7438874557154644
13.63319570441828
8.168997565219588
4.15421451268914
5.045796876629084
2.8193613533476696
12.753069254215475
2.6839658854196458
4.1290625756733395
9.060168279037253
3.1095786049174694
7.141366256936069
6.998698239789644
3.578226092604866
4.39570419673219
4.475522906555025
10.484781904087903
3.397613591475006
3.144032248356156
3.6287293292836607
9.468712958718118
7.453317641106803
8.539832983109262
3.7691555745901257
4.91178984611858
10.333189656493934
4.275943863290869
3.695990769981812
9.84572790865289
6.266687991299788
4.2666633447569975
11.543375359965008
3.501480156703185
5.844646747070089
8.134656375637459
6.7962753198837405
8.254726512410423
10.4100507061285
4.5050298603525585
7.3860305129650055
2.7096742804805753
3.829311787772517
8.410927396152422
3.0601986580604796
11.188720715841294
3.689329420515484
2.7120150800781135
3.3802176008458615
4.045415551385489
3.8266397125362204
12.929882332267356
7.194696129699974
1.9369730843435218
5.980326933113679
5.403929400221905
4.830818120696777
3.4711015288820026
9.922420609655019
11.2703411814233
12.966335078177073
7.521393012484635
3.4646551979863967
3.2005922616089673
3.431707373469809
3.0501667873894274
5.6631077183799725
4.6077013497561
2.898384060185298
3.2727290699186917
6.348301596146971
5.370088835754531
12.54722993823087
4.224778733985869
3.841079165529424
9.242436712790834
3.3232303601170625
8.859405405522446
11.95910874839746
3.1869040298281064
2.9355852260357818
7.582925350571667
11.320770303194898
4.533471950099875
9.792059800031543
10.48907345148346
10.13406654902754
9.943314903614532
13.379487981746031
3.638898780156768
8.582009740583121
3.6904175186674686
6.8445911895088996
2.331818739987615
5.74717233953525
10.753267618245989
6.132215948999635
11.165232841508782
7.277400373980229
11.232182175783768
10.076081450384466
6.609726992695379
4.713187664330807
7.93471939931829
5.8437769582642405
4.781670917072804
12.528090975149675
11.785379135436587
8.302948900465763
5.3400872694866575
8.578507954671872
10.85855690631475
8.353020842964984
4.023909319660827
2.8046597129152078
4.714863019746075
2.356303045664651
2.9562136679334707
3.7092632542429986
4.333466070734565
9.701430745417252
2.351611131967138
13.668507458715276
7.715645419178545
4.013074125552681
6.170925583867191
13.88300124845782
9.243629495607601
3.1041701928610035
9.630688224886775
9.593514023925898
8.96861866667892
10.478003454007183
3.282825493554443
3.8349852975454892
5.870753791689755
4.967737942828584
9.272452492029352
13.735045538915157
10.277065030302163
2.7077744943325275
5.104321583721187
13.70181691128854
12.330683369154546
1.7636921969663977
7.8051936292055
8.349870244930903
4.850809753683156
5.988408176918012
8.939514477669695
4.5438339454000145
2.4888579982071564
9.583338279764167
2.354542411513508
7.8625166281456496
7.812177673987749
4.216188035256051
4.096869714376484
3.5730522831503624
5.442261737003246
5.303800771322086
10.647211098489908
3.45997239324794
3.565981831671751
4.602614999456479
11.483702836693768
4.919814436127866
6.099397715421846
6.830833011048607
3.0906838155098573
3.6835830321921192
12.424272452449907
4.213248910452562
1.5004996234717862
3.0830204911194583
4.734941374667706
11.97858983409525
4.0332474665578495
3.5047670619595177
7.517031719946266
7.178695909453994
4.943335962989402
1.3807496316045837
2.6695135924129287
12.316690696170602
0.7408996226483678
4.302352183239697
4.089257170034281
3.921198161221207
4.1667668860604286
3.004884278478085
3.9526849540420876
12.223429930067564
2.6439505017772773
5.674972194050699
4.042420226606782
8.11138228857864
2.382468495013938
8.773028146927262
6.907515483001057
5.94171932544518
5.415487742158252
5.368113564592145
10.939749127532457
4.620653150000018
9.915587758434535
7.066183293743326
2.835510806051558
10.530650381301397
4.157721679115079
2.805167968277465
4.578447788205626
5.252294367032155
6.565800254289599
7.434003727753177
3.982068649995317
3.9271829163816827
2.62922606518811
3.8005178707209177
7.767272950575062
3.7542723286074557
3.121789782083274
3.194964112445076
10.282863019049007
2.7112971397281895
1.969733297447593
4.625731651715638
8.543844968828918
6.668996745514023
3.4263536383917743
13.300221028921781
3.5932559145286977
2.1499805788257875
5.873655893301208
6.513722136702488
11.531961419607823
10.072785691578527
3.358943016007982
11.96983358763347
2.2012222950250706
13.049989610571318
11.722454621829263
6.755984888779416
3.0162309599188637
4.08696324119716
5.479301700736417
11.097415199862247
6.797941627806174
7.264872303731364
5.672469745427195
4.104920068335104
6.986748971434517
1.5479056418189885
9.91586382846577
3.239180184409326
6.971451676213525
3.338941181583678
13.685392854144453
7.018277086749112
7.882868712324134
5.918872579933986
1.4641722452755328
3.0008646113750466
3.4750998517506435
11.5210982600964
9.848562655606173
11.932107828248723
2.1835471342105723
2.3289854696906227
2.6019515156407027
4.817085700742689
6.958116730574724
6.473030927880199
3.3354210586902475
7.591632556456677
3.7532840339722973
5.740995063816139
4.208073281961886
4.266864805331993
9.917490615877462
3.1507427882915966
13.034379191639802
4.828541576362016
5.057408969565043
9.024344836340063
2.737944925808509
6.325949178465064
4.726713720793081
3.6196203670566334
6.969827318946851
3.891250500771515
12.465358725409118
2.625905125629872
11.821642965461285
4.714063632703468
6.00114425405336
6.118252784712058
9.786027320025683
10.620688871889136
10.311862840016213
3.1245450594212674
13.81533902119398
3.148939833142145
3.339724624392649
4.810367061088049
13.331364504090589
11.824311594094928
2.4639812507231356
7.369681838867903
5.934253327261223
8.500973733065402
4.435015155938755
2.271142460964359
5.424925136695004
4.9804316026569655
3.28781324464226
3.591931875845814
5.658189615768369
3.790776600982189
6.698789923345254
7.130573266115023
8.928666377850654
5.806827931828575
11.793156059766163
8.695080872487718
7.131422859952131
3.238470260988283
3.4898463113362963
4.93374093391016
9.661031531519736
8.313043289508679
10.005592061720462
7.696482497017065
11.659603388495034
4.299243640298052
3.023658403025641
3.7906375748531023
5.550436681355541
3.823868430490004
4.50552408694602
7.13690212790373
10.034962303908456
5.784874713869337
13.213592171655137
1.8798122289936903
8.861013837470658
4.9089604971502885
11.532828943218558
2.0219343069433395
7.037289338272299
3.2623669600425274
9.924308319475335
11.648471364576864
12.37362818265079
11.462986406457976
5.609751167698228
3.6274811580206494
3.791107693442234
6.372912738391532
11.192784580682806
13.955235510885023
2.4802323099532995
5.024830746247866
4.199486699482205
4.112516110056969
11.323008401652885
3.244394389280333
5.768868773137963
2.8576746402496274
4.312852180879368
1.5831518319049143
11.55582267520651
4.009234192578535
6.418681270077518
5.0010733579182505
4.3449656901214055
1.8071286310766441
7.011890289107403
2.8817606422984032
2.5861975833050295
3.2301901618569344
11.042905471381175
12.951950743920873
7.104772227165665
12.812733709933731
4.853492075650061
9.374985379247978
11.536990029321336
6.234362126305121
4.314233885697626
8.509334752283912
13.274779681081787
3.0683689185209735
3.702221683209661
9.48389472550151
9.127317419611787
3.8470963250336045
7.298100873925858
13.856063949449105
3.0993254155766383
12.423033137480541
3.207759474221166
4.904288750012074
6.385516945763685
2.63641670051771
4.413125599309523
2.6998140781945823
9.330647119534932
3.479690864693114
3.8574784511597167
3.71530361919917
8.23195475214568
3.0128130887189024
4.072501285038197
7.369756724247624
4.176465348828241
5.428822432992615
3.8903919638135167
7.576558737792657
4.3191661933479635
3.097738108951374
3.337225942090265
10.104885673263135
4.695342950023335
5.861690299971007
10.391945665523815
2.1868700625902786
4.388635595099533
13.081311773040031
10.447381599154127
9.645025535736007
3.317373209398922
11.58632036602525
5.315875591208162
12.134002033398751
11.998564814897625
6.492847369270512
9.040765708625173
9.432972406204797
4.496781998594627
4.75086176842525
3.4751776433776422
6.930265491954395
1.1067207087236062
5.237403389364232
4.1145855920073835
13.84349869782313
3.750358921435529
11.328952870412726
1.7554434082106547
3.6929729569358325
13.440019610732474
12.480361782226474
7.620333443857187
4.613652429678814
9.216202031932776
6.605369883154218
5.053292790457087
13.368137118902014
3.813685846472297
4.956305807076869
2.8452728637468585
11.626278661481962
3.165607333439893
13.85431061827101
8.690667776107098
8.052895757490226
5.2577650928949495
10.136705880044172
2.5087624564611537
10.048087362278626
9.576754656212637
9.23512843316499
11.475624093838777
7.000000561448838
3.1424560424185652
10.333599536357937
6.060729482271287
3.6954139005406663
8.089926092953963
11.710360794262645
3.192305779204399
7.715850012766948
3.836718474948948
3.051528420530055
4.442501823258199
12.242125096185232
2.661503769296704
6.059191005937072
5.3214437523941225
7.049629886820912
4.401417339807943
4.8007372248377065
3.8212457129685893
5.986244291117998
8.0312821750052
1.6463715992501164
4.25654511147581
6.388535363150355
9.927273041308448
2.2465805563319194
12.0788865382821
2.8303643138927295
11.249943099725119
9.164353189838318
4.171824197912811
1.8724656196828018
11.20875469318734
8.740252024348031
9.19692185987821
4.251165172304524
3.3842262475044165
3.560968138642281
3.3093694610282327
9.66979068564939
6.878885474174252
8.11517980880663
3.8801765597247737
3.1596112121316606
4.148851354872296
3.3864598017945458
9.032916418724776
4.397185845601665
3.321158592208197
4.460299040538834
4.37827700645093
13.45739872011649
8.57192793633021
3.1600714129881573
5.543987560245721
4.053281409800284
9.100175253775495
2.8978142269566236
8.931995500857795
6.720588022619469
3.436164263780745
9.449192179565998
11.702944302310474
9.440728886660441
2.1257887481733713
11.90134653301031
8.412678810191412
4.687870630104154
3.652790201900841
2.5187045733492557
9.060869892755468
2.7471616117864395
8.03807394257476
6.958483398655778
3.5239411353699173
11.179290339703286
4.806681211465515
3.364724725354264
3.6535201294378434
10.134206134139157
3.549751231300129
4.381041540424322
2.735622582750278
7.44965066433321
10.756473803377315
7.2556743220926245
3.654057477641716
13.37317639696982
7.654461995600842
2.538569089257569
2.6862588904490754
1.0364104796421048
9.756102949551737
4.9961969823786125
5.679464463311666
4.157674698196411
13.284575123653006
8.779233968471654
9.542544035119278
3.96395985995677
8.398189811832733
3.3088559334282217
12.068990139776027
6.848278584887929
7.201327702235906
8.527408417971314
5.803607340639806
9.843655738239942
10.303102608369954
7.012975583441827
4.110567084408504
4.402950096155796
5.154668178571978
8.597700919763314
3.1805701304756155
5.161246626958298
7.303547435629566
4.510505951371053
8.069356164129555
3.5775463853240037
3.793308178234059
4.288528145801582
8.649292612303627
10.952571026147307
3.8638010174206054
0.5677671004764362
3.365585688570798
2.8520758870485707
10.29477153126383
12.39357010122543
8.831790475876756
2.5932032514325822
2.943832806039899
10.753021757722655
6.782786588257398
7.7332883803678625
3.2028027566405224
2.849344557102201
9.121704883266968
5.515873520922211
11.391835387303239
3.11623047244651
2.613012739776348
2.0298939028254988
7.95953168386016
12.204313171522106
4.863321181908652
2.8312543278535354
3.028359519142655
3.909881162674328
3.818876020562616
3.5064227651344364
11.332649587701978
6.824733239757102
6.681628075393136
1.690276235740202
6.725694597012376
4.8987358534229
12.27126673717553
3.189037268073637
9.102354002095847
3.164815045616796
10.615247396898148
3.9168227018022015
9.51613278626128
10.578543066793124
8.057044596515855
2.052253792122699
7.161082624898217
2.500786051858725
3.589634826749873
11.773906760281884
8.6072983728115
12.116164832327607
9.037147006768047
1.9577584853146064
2.9102107064714553
11.760980849692405
3.5370215097317104
1.6786433025461571
12.787550564745706
13.900556132620165
3.673258675244664
1.5483426713161998
9.524070214237499
12.579045764537518
9.306191192646882
12.79724637580516
9.387900242022692
3.9442084407145006
3.844086596562689
6.016281580756166
8.805184576087397
2.3742328104318666
7.566772191792644
3.727546565237796
8.869890732523702
11.736956404085296
5.7773741480617
3.8385166266976714
3.372605459672561
7.821698846989152
11.533153451670366
3.0798806695809136
3.773746742331375
5.5968066065565525
0.8503096512502599
4.993377124060048
12.254566968427852
8.829016417254804
12.767491539362833
3.7615389329635
3.119659933903688
3.1242625541333737
4.439825828319017
2.882188698016445
3.5852746848153902
2.370491234990226
10.996415380506027
4.404124574786765
6.67193591188998
4.848327850442413
2.586180830831641
2.0256947985601084
3.187660604195993
4.546292757529809
5.543193914402761
5.1725725236016284
11.923888085313918
12.474687031748616
3.4181124371581895
8.326409140976978
11.612058321322133
10.32579594599013
2.088080186234672
3.6825664112589602
11.193958135440488
7.211610836804384
4.735840167205106
4.07241002850481
8.966177636004318
3.8466285557439015
3.9563039652503793
3.2274367343313592
3.7074175642208926
5.426187997243038
10.1294664188177
11.045989628685689
4.813412061052462
7.217843478756856
2.586018408506396
12.357854870553007
12.03746886312854
7.95184061606259
9.665342789350893
4.722902085680356
4.472178970063129
4.43794342535714
6.876077535922396
8.479825996012966
6.78308092818398
12.71878359018764
4.222100908829393
6.833295975027268
5.9810446500581085
4.937081120362476
4.897368391045519
6.850398423051927
8.713857191822806
13.982047018997985
11.195901598809755
6.464346957628198
9.745654403977014
5.700658585281748
6.364554566775664
5.096750396782806
2.6358244392037204
4.362414593154831
3.452680247369341
11.01220579584493
5.960009425366546
4.203570933002148
5.470295898027745
4.288430180094652
4.283116318563273
2.787245952276607
3.4308922607776755
13.728299901075792
10.78320995044986
12.923012808613237
2.912776505261702
11.560955698006074
2.851744542567777
9.669239344638761
6.066161739755032
9.434187711451631
3.436410821842985
4.196076290769799
8.682361699930489
10.270653715174994
2.1714536575867367
2.7923795200418438
10.139891891791395
5.293663935340989
6.542845736382777
9.98378381486999
9.40812809204117
5.078029944884585
2.472670003347677
2.2341414995586177
12.988923029835417
3.5328064434370843
3.0651447418914706
9.459871387629024
3.262532520225786
5.290564055508836
2.907245629404926
4.080643182441536
13.2204072352293
10.983269919641591
4.474637672704269
3.7370193331808554
1.3584071053077746
9.451207667254778
4.279589953925616
9.726968252954002
10.073147093517806
4.8866606544848095
13.782559934535346
3.221438747134447
12.475818512396216
3.727222403539496
6.303523886580053
2.8897704999254623
6.805514234768919
9.839059676347501
6.811770349547618
7.328271991063549
10.693113306308907
13.411889283855718
2.5589487773131245
4.59307082387742
6.291944110720678
4.993714653208446
9.725710018470405
7.639001160420506
4.840502758843381
4.134826346201992
7.5255888496089405
5.320179762679812
13.72057471542687
2.634248697952913
11.16778292338653
6.95041373983604
12.846717741252455
2.7313883902815674
3.980047303975958
4.052420435573422
12.911203498550393
4.536859099196305
5.417265310718271
7.598750896134828
12.659900102140584
6.507892534269926
3.0711690198677246
2.5750140789684277
8.323993898472557
3.3795126300993954
4.179392016659983
4.56331694013183
2.602111407852875
8.925526121691306
3.875018196894488
8.981817579251517
12.12462331398884
3.694529221129262
3.304172128514106
3.2359489416755376
13.808595120979996
9.531570569053311
4.387664445287167
10.50193840761659
8.681195611047102
13.210618265487911
4.637749936768825
10.504778308350396
3.7021011433204567
2.8630751906256586
12.600051833059615
10.975742335318676
3.369992602776095
11.663711123673236
5.039024777471529
10.188698500985558
7.493780435502442
2.4633167657447035
6.624533909290195
2.3641850046758766
2.2423117629383347
10.24369911229442
5.685871541949042
3.0967449342540587
8.55821898774909
5.481249184330636
3.5457809700819656
8.6866273557198
7.312774873553422
5.692478179538881
11.250017678215189
2.936548708054186
3.97608084993031
3.073272738485543
3.6722539869701003
10.534428698979122
4.41817213811793
2.697906311630907
6.936311555137678
12.49713954845263
2.5264068363541945
2.9065259997692805
7.170280510508688
7.514097079133395
13.68614893242473
10.32026693221381
13.5740753750844
5.67895299681152
13.291657133372867
12.632270684132516
3.378598535858646
8.990325159756448
5.352509829686346
11.40707921138006
12.252501665879157
4.181853608014171
7.191028428990248
5.3130542032114505
7.480318608521643
2.5450748001744694
9.238933826818421
9.231684555246677
2.7423587553095525
6.804002077078915
6.490894204504658
3.3081407597517747
6.857554599564819
3.000741294170536
3.87313027085422
2.7284275686682373
4.663408576094143
2.6454099530760606
2.961781180512376
3.8375085153581994
2.63066753088171
12.754011559316998
2.1084423008986715
8.518133874079838
5.175652275277103
3.9564279469328802
3.9047865096032837
9.634349291291173
5.33051283529545
0.9285963320607495
10.32019668393793
12.14335649666641
2.7901968558442003
2.671435265993712
4.6770419526366425
2.598878933172718
8.97852806057411
6.717557666383484
4.260150614349869
11.105538621492322
2.174966664107291
8.857767748543496
2.569968923732472
13.934808136357812
6.267284698737624
13.952004832232864
12.623345009896388
4.266483129769075
2.51684621029186
6.817174874928146
8.868293445694714
3.6594331235088378
3.4466299616511042
3.1492641750000283
10.61024114771206
8.291331630279263
6.666382163002577
1.7096894366390136
8.338196639550347
3.733044964119319
3.3008469325502423
4.398827011595467
1.7121766261942644
7.176330879605016
3.9524019559852643
3.1039220335295368
5.51156730336416
8.63426783358327
4.650974483297383
3.23678514078868
2.777034387189628
11.370750410119637
11.831425679193048
8.409879789241268
7.854631966975748
6.878827353480372
4.115493639461251
6.533246058817726
2.648296912302827
9.220314194861226
11.536098298314055
9.944009340894747
9.679751406195205
7.9530761565173815
5.9663730122297745
8.16349070298875
8.90067560283545
4.151793202963045
7.377788146148966
12.829533581690226
2.6245077871872935
5.359644740591316
3.4096010823899947
4.904728634560915
9.026739524946626
9.006278437062907
11.16560592540846
3.2042727281112104
12.63714189872003
9.524539537503125
11.082502767629943
6.7109156418595965
12.225647544717031
2.906906488773939
8.057447766153766
13.648318430427528
7.997492349042412
3.5673098426235854
13.451429272830396
12.442375351589284
11.838021335407731
8.96314405972781
4.004377835512091
3.4621347695377342
9.57239088596449
1.7938325920827092
2.412276026235391
2.855995431881062
4.785395001921496
6.55514212767595
4.6928989932886545
5.777234935425155
5.407325633421353
3.051666576627323
10.17357566590329
9.709737774056215
9.095629880330817
12.701438291297631
3.0987116669169725
11.664066879991147
11.101363465321793
6.3885839525958685
3.0078830200502553
4.285045620779161
8.864767463194015
2.7439622288997754
4.029486257158599
2.7042657794104015
3.1961792690189785
3.8725759952743664
10.444739804349119
3.640179243201174
5.6154634029590085
6.26015760819822
7.9913392674213535
8.452840234543368
3.837993680964515
11.630328733985957
4.056460819358154
10.275374002287284
6.44938994117474
2.2610492634042965
3.9602272589504066
2.687725211422491
13.155418935640649
3.541298494819122
5.117733525567537
3.326782942149033
3.5252892844682
3.5015008757396613
9.322144997055686
4.85763118486069
2.020394391252834
2.1040208227618127
11.956192160194304
2.5177022133426488
6.99069048615604
9.76107289170602
2.1967038401346533
7.4064492417815995
4.7615243568093835
7.120229765733249
9.091116879464046
4.8744334543466925
2.744040795618936
3.6878828340157366
3.2216884081983217
3.6700827033606664
7.5151914437391945
11.513072419287667
2.8543416954478498
6.601507818571291
3.2181484792717456
3.4053856944427974
7.5562640759661805
9.754418987532457
3.0064186702433475
1.5702538317039478
3.8519202563530013
8.833203633872964
12.527639106428872
3.5538323956231017
2.6145062432571664
5.978655513891386
8.034317080161486
3.6056384601543083
12.324543428620764
1.6083703054785443
3.0333208887654455
6.091967874546677
12.528189516618546
4.461056879814184
9.090253458396747
4.652032244816546
4.028394932335043
2.204908800146293
13.639189051647428
10.01782082665586
5.982300661604703
6.640542559033141
2.792825829841248
13.526213784371667
5.460403254495735
6.973449093672102
7.829771221986036
4.6545129996197945
8.177534511505442
2.789149289366114
3.3801871199520597
3.6721811163561573
11.788578518721472
12.689903749117532
4.710994791067498
1.917626955476055
4.240874954296649
2.967055829901715
3.733593625741438
3.0905912616288793
4.02245047446443
8.041037502802643
4.921414691828547
6.442140122789068
8.386729550260123
13.351706143265906
1.836287200577223
3.739256501800137
2.7300831904706415
13.416296408094624
5.387489717886518
8.607435806343496
11.229470774649927
10.216008790959615
13.086809180405371
3.096928673777267
8.761049604663365
8.581690448225524
2.862087612305422
11.739694559316789
10.825596459855271
2.558098426960294
3.3468138309587467
2.608135081928875
3.429523105306299
8.06483914676058
11.016032435893283
6.5045066737057535
2.324065759553524
6.64171986885289
4.401897307194318
11.969169896392136
10.561716700092797
12.43084329287783
3.093463527800405
7.885522414232022
12.504403414502853
2.397882183524408
9.284555340625927
2.3772718878696373
8.99176360128532
3.5041128972633944
7.630515532435413
3.210909255980331
1.4969385928151029
3.484013169578217
3.874795130298881
4.075492859023742
8.538960182227912
11.045174642172828
3.5753514520031775
3.4217225953053285
3.2775515544841607
10.457240325661296
3.440880541055013
5.054140683582419
1.5698268139523093
9.15172965694819
5.000649848948033
6.757675923573302
3.723818043263961
3.451786821968147
1.9530491690318734
10.374527516571165
3.4851601256056988
3.4789138827677943
7.351681492112853
9.195888627198324
12.973547831462847
1.7071516658923311
3.212980690197681
3.9068466654300367
10.730292286910219
2.876255081016971
3.71854528197752
6.191717435385654
13.882523385915917
2.8456078822102993
8.720126399219899
6.188130650241508
3.5243601443867503
4.145444894398077
11.962165055774262
13.15884557747783
5.218649194415773
7.4103419624468785
3.3119139672452036
7.246266350529167
2.7414239504863493
5.513800578223372
3.284874818993559
10.268404822686174
3.778561308264525
12.456665222675113
5.90674773222727
3.5862846929107888
3.39095134096448
4.260429727039865
5.896811516080422
3.3303442439005853
12.012318590317202
3.465364494597079
2.2393422524294406
3.8703208737535846
3.647315691929077
10.516546978294512
13.657400139287263
6.005726385836882
9.293986263703484
5.252908031319408
3.7872239447266827
4.886954403063912
7.080801901448092
5.392038126515336
13.061416329224338
11.592891078926352
7.383146505128324
6.43518042655985
9.48475060342353
8.909336623766563
8.585076216084222
12.331403321935163
3.0822397505162495
5.952735028636269
5.93981654964284
8.111299922955833
5.903238264462119
3.4564215761557113
9.619743588451987
8.01908506692694
4.200639939791024
8.417071618554546
6.397350835898701
9.146799782512328
3.530229441833995
10.340784436670772
9.686851022833029
2.495364796442905
0.5397405311106879
3.763093454497202
11.856943462175812
8.61391367760879
4.325292143052503
4.534927018859011
6.967606695113584
8.523509450930652
13.713084016093386
12.042515805445884
8.999723613888156
8.66924466124525
9.600644224436365
5.089360826885691
7.27254202449353
5.213971430028083
12.70753472813242
13.034747531024196
5.4822588669856005
8.964721207942803
2.8227677158806936
11.779641695799112
3.7953304960361662
5.883158249469499
4.25519138910575
3.239462966059839
5.2315966099458615
3.6143568912867035
2.867436184855154
3.507539920254047
12.344668072396797
3.2725299937639836
9.684159159788386
2.8767746433309203
5.043924175835275
10.02969841561126
9.39973810255518
1.2303710956927612
3.636546389132948
4.858295284111805
7.9752528068762905
6.268893064912553
8.662821871412383
13.528284633385388
9.42357410099318
12.56959441962265
8.780832591452668
3.8729468573690324
3.754135084766515
7.742194112789808
5.84773669088618
3.6506642203737116
2.7847381358767973
3.4659162705833055
11.683009859750332
3.233403875025872
13.238583092584156
8.824992915876344
8.090206184198442
10.958507901145449
3.656621701654449
12.415658921378508
12.329977526044566
10.10183982818851
5.235730570658753
5.349133507590306
10.968171505043687
3.481424639252312
8.311785321962086
4.394476728425175
3.114436283996114
9.908508042912855
8.06470595615372
10.856863283601356
3.5923961577618364
4.065620307173
7.819632117821801
2.996497057876677
13.208265818650506
5.2069919392366355
7.432882212513064
9.957466915517498
2.9477359559179384
13.417774305664297
1.9593735913490677
4.09057027785949
6.874260241121394
10.344310106188534
3.811515085012319
3.598914078245452
8.577288749145369
3.046433088041207
3.164856879699075
3.392837750963656
3.810723336246295
3.1374167030871134
3.474781245559145
2.9070775965058613
3.593959757297345
8.245308084702298
3.871107221353995
5.1140697971756675
12.725429762396045
3.580368808285881
2.7254258353745677
6.0585346498915476
7.578730768888643
4.166845171959862
3.4906090081205794
7.725190537470961
3.305958626354468
4.028629149130746
10.859040497367412
8.169664231424939
3.505325388169812
13.820033912937394
4.269761086888503
9.975728121761378
4.712419236108464
10.707259649038384
13.62255326927178
11.814332071848494
4.3749385036151
2.3285827440724653
3.108679631865776
3.0534400953748717
8.858598902594464
6.613183364575871
10.22646655807242
9.85659936142194
5.003722329855935
2.9436452588436333
11.038896678246182
8.84049621620583
3.500469071633515
9.435385632486167
9.272247323894739
9.016617228056951
4.1415439064161355
3.1426280173378967
2.874787714609102
3.901847170778037
4.725564366757142
4.534781731113365
8.19394679741363
4.346000703968885
2.100749078690988
2.8314798210791183
4.051262238648907
7.304665677673602
9.254625723391003
2.6426100869384017
3.8609065548601684
5.9208623333781745
13.92471912829625
6.515911785193193
4.876724077426267
5.555242959276446
4.221118371731113
5.896308371678974
2.4912914604685445
10.412264519337976
3.0046974121522156
12.63463166723449
3.0660775660568
3.461287239797879
9.685721350500177
5.204843954438172
8.877082098078144
3.9488024894576252
11.5793609812888
5.736783522925319
8.604364500648783
3.20511634130312
2.6030911294456347
2.506612692885028
4.579530517060623
6.505255141523497
11.28940256895981
3.5322230461252446
2.8914678967345897
7.836630977961325
12.528911853770506
3.338341681352944
4.969066166134513
10.912974969902823
2.5897485387760844
7.391233243385769
5.773959120107053
8.2549127612762
5.007563013516574
6.242499149262588
4.736550052234903
3.678542419005381
2.7669182889388537
10.360092060231198
2.3963430429372194
9.356411954766424
11.220351871456392
6.445173306233576
11.029581557295558
4.11921365253462
3.2736520556168847
3.876245307600025
3.5535734541855377
4.50640866716264
5.112925795424888
3.907406694638815
6.477218821301749
8.981453482562303
3.513215453961335
9.373733986991255
11.075810779866913
4.019335696944819
3.5729570914050646
3.365280943437365
5.803968610376604
4.218487335654774
12.072877898390706
2.520011513604797
3.790913369955323
3.190708405857319
1.6824139836037912
2.911338144556651
12.609098243553548
5.648189652706518
9.829196917461399
3.1070766396540934
3.838242404826534
7.006624727530932
8.544231278886446
13.075803128869579
2.6666624179411986
4.2032920132460685
11.994567053916919
3.019845705592402
10.527995737208306
2.7562177351334034
4.738779916940521
7.070747986613961
4.176153621697356
7.951252522160755
2.9171787746322875
4.563061668712928
2.004196331833757
4.322419062635746
6.528156516574033
10.296940565493017
12.45220981198415
7.904403937377922
9.894077679326271
12.182949992264906
8.902208386236897
2.7981148340315554
9.749574206267473
4.1900439697403415
4.016011170553904
12.878667677722305
3.7470405879756465
6.140605786270153
13.865156703008282
6.071623969846902
5.334656936945806
12.848874867635999
10.478056474740772
2.641869109700033
8.571561751914913
4.1100552584683205
12.116023893981133
10.70220959168755
7.600949045487164
4.791490079268742
3.600080861533349
2.4561665076209893
6.830375811426068
9.560024948209284
10.231408602495602
4.537086145069012
3.6615258155207853
10.974693787113472
3.549162051962272
4.171523847875584
5.677788739286084
7.9913387786094034
9.652289961559449
3.0013574514623933
12.634064587082033
4.281417259136482
9.705327170461448
7.113837789092202
3.0248281014896623
11.410554721427838
2.660249540110602
5.112465149614437
5.478313464656136
12.13971885170301
12.050659869339585
4.760129446199726
12.088539737194905
4.217425060102452
8.508865629832966
5.260226464980052
7.774920672662904
8.2407210554515
0.7120297037785414
10.465109382429791
10.140591042563257
3.294403688563244
7.657744077001255
4.809777913811623
1.8271069690405712
12.01311183255839
4.48287970363456
9.939444385379124
4.717048550556671
2.3340844784280725
5.533062316038019
12.326397898701696
3.04893329761212
3.4513580953779814
3.185430699143219
12.581074262218689
2.963435039318676
3.335846640072511
8.611323221312388
3.114925997787754
12.1228653824419
3.403549884467322
5.169780994414011
9.579229573366801
4.023606590639995
3.0051483729664206
3.0146919055381556
8.466404309033834
2.503837488886234
3.850358994367558
9.756834244931628
2.9191535619358495
5.779793502043389
2.6323425564311473
3.4703419465830105
4.763011948465578
4.856882370433596
3.294979788851196
3.574206548810798
3.0661976079936295
3.0669073766048447
4.800589433936052
2.977814197070615
2.5702392606029973
5.0174680145913335
3.583010700140469
11.871493395996566
10.09214073592056
10.972744137686462
1.9049538389766747
6.536511669575473
2.650551685812056
3.723147407068858
3.250823209866338
4.1801184726194975
4.913580696281807
4.66325561806302
7.3104464185755225
2.1332123034749673
0.7703648669948824
4.0315541943065005
5.035444356030476
12.98762705587474
11.36797563313233
3.2872917404347675
8.683219476560565
4.350134329553775
6.5649667913286
4.0851009985669915
5.4072660804477115
11.573176809502117
4.695535993427021
10.614919326681486
4.461483927574061
13.214185377282547
8.17015205035813
3.7204554304896393
3.817559865599207
13.238495789122064
3.6020840245620245
3.92090787873842
3.908762090340267
3.288237324670962
1.651917453301996
11.80729906297154
4.209534050202368
13.883284115502299
9.562820072232345
13.154249285781834
8.27017376053716
6.282268229754126
5.475708265453434
4.756572994235181
7.441704467931999
2.8236029569502854
4.193288288905383
3.9391439057304933
2.5085914265392693
3.3311690122321425
3.010164854351025
2.7390943348701065
9.664727802792536
4.364092702898583
2.5807996305496292
5.6444103351678425
10.187639569806747
4.472630496899837
3.3276800635056043
3.1497269726371337
3.1469048472982344
3.5104242989601624
4.407134219301727
9.004744618095735
3.510976791578455
2.950575736022638
2.4560988914921786
2.6853805413147067
3.9099440817041513
6.251529470933631
10.293033149254896
12.348261936037357
5.28698155204926
2.916370826435469
4.7008013922119805
3.924563860018649
3.7159340484085024
2.5136833086130546
12.457487354700849
2.169571668514066
8.281072647114302
5.355290466704605
4.671735748696844
8.219581341785112
5.527239992885946
9.050047096614414
10.322965722786043
5.278810383685697
13.673172835173013
10.601737194567985
13.8766243848349
5.79339702239545
9.919292949922465
12.026981014165445
4.239558446378132
13.3147582315029
3.805608778271969
12.662191903558064
3.4462719487380653
1.647267807010898
12.984285363381568
7.954057758096386
4.7110892360659316
5.595352530304824
3.3519352684137935
9.033498426626359
2.5808626433432345
7.402349662764523
7.328151164821501
5.279533301679376
7.416085554813068
10.613188035316133
12.957047620012649
11.992271384396446
3.0713883490151925
4.577097082389396
3.4257227959107324
12.205267513573862
3.4683712570238745
2.692205869194296
4.443253537835709
9.728046871721123
12.991442323447071
4.811697144133388
6.165622650240805
5.951818194153046
11.57294142288554
7.779005739585207
10.687161711849559
4.285591442705632
2.6309839748484833
5.048424360519409
2.861843321278873
3.1003633380103603
12.314712909767051
12.370344592730074
7.782848379544055
5.994045174700175
10.20184122903252
7.300356886843433
11.99432555902394
3.100621158834206
12.399778625312532
12.116393384406043
13.481621601593925
4.652198212939822
4.742415973702777
4.182020511238186
2.9316946937768757
12.359249650853652
4.502453028200044
2.675672933952383
10.45371423561687
9.374064393162865
3.408097123999361
7.20185756358236
2.693943873775933
11.513720119663176
3.832484738948838
3.320615680349049
10.75374453769529
2.418029328045168
8.011121258965613
4.404531720564377
3.889347187740075
8.822334598745588
4.939053633496505
3.3698458569315255
4.80069162122342
2.688015653787895
9.82129113662452
7.209282536810857
5.523929896084692
8.571993676216236
11.441332586504457
3.167144164395888
5.487020175959445
7.908282466794444
4.638239817292081
3.673586817977972
13.93764467545477
1.9206630594755547
4.466744264329871
12.287282562702567
3.5914616043148744
3.2052661722698974
3.0132511385137724
8.473807747546363
11.706817745334032
8.492011294612361
8.707172481190554
3.6134261224038005
3.51578636294598
10.261149843399624
6.0610747305673
3.6797069978882417
5.4232485418262675
11.01652029392966
3.558801455439514
7.296076726181606
10.124709352933849
2.4343678556379
12.151745968986013
4.36806631919425
6.744443410904878
5.217774110764209
10.832341248615275
5.63403709741503
7.280548088313812
6.356076673913372
13.846010762599903
3.328760613203118
12.494854272145334
8.412599723461968
11.49470105584012
3.1939406091653204
3.3344722425034345
13.727978875713115
3.906824719913184
8.433191307228777
3.2372312832933003
4.511718787790734
8.028108865667408
3.8538878671411188
5.093226538576069
10.956476799746609
12.212308815658615
2.590784218891668
3.4281666552349392
3.6995409044730985
2.898250866698233
11.481582661200974
3.233420787228953
7.289282502469445
4.139311456566066
3.8066378677140906
3.596248426605073
5.628058430214019
3.731922898443915
3.090416772273499
3.2660892855471144
2.3361108202958607
5.324284164591719
3.856199461649812
7.103860036510196
3.128420827165061
0.8104552351192162
4.786778340585826
3.667713268896986
2.3915785000966348
2.645980595969741
3.480900926039027
4.263095130205208
3.814407595191123
2.5160815074835003
2.835581239897051
13.612505189560608
9.964474039844154
5.268382009865878
1.991632467798215
10.3186096848582
5.775814185058644
12.766299884238645
12.273651362850554
9.247639642060957
5.244220645153262
2.8292315876750775
5.246064046242656
4.83696201927817
4.086708147217303
5.958223842872199
8.294196672713065
13.392616220043559
7.344938285301568
5.5027257256690705
8.040422782165145
4.226807927388206
10.470501953180344
7.620353065264729
2.869231934032145
12.861062219328812
13.257155329740932
13.5262193893941
4.792790136859643
4.833269907766178
3.970273841127763
2.9279724511335328
10.181691362643196
3.84565595981381
4.774822422017361
4.941929246105258
8.71155764348463
9.000271554395873
3.7763945704771675
2.3429866818781115
12.145576398057898
13.382047926324114
13.28856406969917
4.8104163890583
1.6371615919283462
6.16713347240094
7.574773195591369
5.555342940039728
4.808737395176187
9.413650151390828
7.892133437321652
7.2944038732045176
10.291944971690807
4.289776600585958
5.749016874465766
3.5557646388621467
4.931697853372247
8.013923450262352
4.126646201971653
3.8349459334743035
3.630404694874688
4.693513830783771
12.203506501949132
2.7249994149452816
3.248572026353973
6.305128569094397
5.483363134456884
9.095053421564367
8.795950413158202
9.154998451400521
2.633141760792914
4.214425291159374
9.34107155471435
5.378882554077803
10.873794010321319
6.07243902368225
5.737770343524529
4.036544585088537
12.854916860318514
12.025977550467275
5.453157524238377
7.757473490182007
11.05646375591347
9.139792588912343
4.44779965396117
7.435200179535308
2.1341411000669708
12.230413636518064
10.47958992667056
11.059096229363503
3.72153391480297
8.36009799315878
4.077998387410832
9.086213417902968
3.5250546817292903
11.53219207997928
5.221897017524233
11.942187226078769
7.7091128465206475
2.4000618202365973
12.030126108602596
3.9598614424943612
5.01778957855546
2.299030431313179
3.647300708406747
11.027847969421211
4.308638675944429
3.0478149448733305
3.534306954950727
11.221921048874613
3.163877682658101
2.6144634677024428
7.684124595343962
8.693998672675754
10.675551513513046
3.7983501263832253
11.642997664136114
9.089839282052132
4.3970707324668705
1.2401984969849604
3.7670251616641286
5.4270405013052745
11.264688834322474
11.2554339043322
7.606720727856411
3.3896987426412055
13.859975497863116
3.0039529387176604
2.328891052862226
4.245267154412247
13.253277864048338
13.071004465595383
4.205341087601241
4.200458924727196
5.408512712021315
3.0723708350876904
13.930371590233943
4.134409770320568
4.106180722354699
11.785203184136364
2.0770466800304934
3.7291601997764645
5.433243657237541
6.3069191377096745
3.2772070238884674
3.7444567637317383
2.650489906423158
12.306552298884352
4.343676220712874
3.4738800097589864
10.016000690798046
4.35868536219702
5.704358819409485
4.410731401422956
2.780718532306508
3.064200795981106
1.6788075820568586
3.635661013667169
1.7660421735592893
6.841422999001896
7.5979649947900345
5.029706653769112
10.656367787688936
8.20204926977002
3.749584187412926
2.190229573206316
3.7309884051647892
3.3921284319709426
6.075911457988058
8.369654430394235
4.496786503952428
12.417225541376958
12.604239011774336
6.184055766478873
3.0284755766450644
3.7280050472810213
10.512851987572763
13.063047200571745
6.006650243828413
9.830320491902839
10.056061081478227
9.775802351126668
2.9522210858817592
1.154915828629237
7.278059743518952
7.2486484165974625
4.023681958429775
9.370142365939861
11.647970466971417
4.5389594163403855
12.54288087429701
3.003357864656167
11.15677627994086
3.7856185755946994
4.6006216407234435
2.5899824862477856
4.165921040347155
1.4188128595903216
5.133054034002428
2.7882667946357316
8.00516335165856
4.037519781507251
3.535321920123767
13.918605160794115
11.093176658701438
4.192428879196753
8.40467442117333
7.648604430762841
4.185587335009058
3.744925360137069
4.52782207496747
7.318597595131906
11.732051838059379
3.805524672057521
3.488654053370534
3.8720729296489167
10.406865066925683
3.418662937472034
1.5511026532171088
10.491036761080363
7.34354010539303
4.343670792002737
13.73305746775058
11.766726808311757
2.1272749968591675
10.241529329216256
3.931591931045389
9.984125748273474
5.768736731034797
5.551657512661786
5.399232606793547
1.7863949334944111
2.3130719555739567
10.691180200305114
6.294961129538275
2.0941086535838127
3.218284660534983
5.458247342552686
11.049689119684258
8.226410776914332
4.0131162252412755
3.4670966589907155
4.671855618986777
5.440909778209998
3.920717702661473
13.871728970125632
6.271784980296185
9.711797472455611
2.9788998023769575
3.357429318095948
3.109488442546181
3.4913885105722002
11.365077022934999
2.1393779549495835
5.341555858096555
11.116720350713566
3.056423220364908
1.7200498641651163
6.576415004195736
3.7657058257338787
7.9695880886526105
13.879242690345874
11.113087969906736
8.351136813108972
2.211497130060997
3.0961063456599534
7.218598962680612
3.5960584073005952
6.770744335585331
3.63217656250922
9.836002454914267
1.8787028877505085
10.877261299998679
10.678093379240686
3.336130852920145
5.96930659921796
8.2536670224871
4.816804813646681
2.4590952451648453
11.465931094336343
4.224532378654277
7.194753483797964
2.9592081786317133
12.158741399543898
11.610501283923634
11.32564611418962
6.722660298726733
3.1892795193993946
4.115319338968079
4.300845009219413
6.550947852076175
3.9535274968350302
10.983929124771363
9.710775898025753
3.0527011804787416
11.960954765342569
1.99649541316121
11.000336630683384
4.038098488087162
3.7861141347225216
7.966907378541309
1.9032289342602118
13.804698229544686
3.9780720739516666
1.1123508659868104
12.392207272018787
13.761456344666444
2.53508090233664
3.477613074636785
5.329433501631417
3.984079313778009
4.314919858138483
3.247245013303386
4.608398936058742
8.32327551859023
4.308789369168662
12.893157723885201
9.973733338161598
5.375247113682521
5.493274850868904
8.226902610114083
3.812365695342714
8.583417386654991
10.72726013904187
3.597511206909112
2.163746644019228
6.43541232431893
6.8924917450061525
4.4613101665483095
13.90428497014003
11.731296271382346
1.2250291045548694
4.504008278130662
4.2681203721977345
3.387244281631676
4.481607994880685
8.015549788342195
3.498415354128919
8.4612769934169
13.669668119344351
11.6942753528922
5.992736690277532
4.073595560806992
10.793979961186016
7.1020883656070355
5.735690494960586
4.883836670713366
9.016732291620185
7.0276769583506296
4.335583300441316
4.254610939062976
2.6972853028766273
9.513173022815646
9.763469040850882
2.6777165087234036
4.7492233636333125
13.237886719603818
8.23703047739262
3.1796750749389946
3.638757289218083
2.830714204414373
6.916129794392788
2.5990098468569296
6.531672933063374
11.28558779880754
5.136844188984692
9.608681140141101
7.0757580135991756
12.997320335260778
7.293656915988945
3.7364309863718415
7.198362660593507
6.90611858063416
9.848183658312479
2.482054625830309
4.225006009469977
3.18216486986827
2.8045065826941475
12.322934262875338
4.896886626287919
4.6181270750245185
5.52899268436578
13.531572269128445
13.73750815416601
6.895450423515336
9.051788906635373
5.2395016279801405
10.885670009022478
2.483220214795941
7.280196037682986
4.15143348404219
9.547725640185295
3.6097775992513914
3.242433991243396
5.624830224587668
11.35488396137151
2.8632178300259867
13.87836481400187
4.1654785824252345
11.062952715553598
3.26412911198188
11.184127795158956
9.274263830097999
7.815591329859555
6.947950282923677
5.083892333443743
7.733508389194625
12.346260126776349
7.0573376355252195
4.618292392745824
9.76342265136774
7.045628402727372
2.37820232155535
13.985093672183154
2.7534148238626583
7.96121774506382
2.679725701032599
9.24833952245987
10.690388740935777
5.0830626483628425
3.467431164967406
2.5348133540572473
5.897752899270088
5.452631853450394
4.1936708285105535
2.4561606255343724
5.576273714018765
7.4638594274651044
11.171308475441071
3.474173401809216
8.188945566517722
10.70793257426479
2.5958511063023524
10.369208073726961
6.307849177418789
8.063769453879285
9.483115220474724
4.483949481089886
3.358452485423849
2.493780394258028
8.50956491084984
4.67615257636162
8.109825741467533
3.7681417532665176
7.229893093360084
13.281664816163538
11.985042779127632
2.56042896245928
5.850871622779215
4.296150791137197
12.275454654001361
3.7082963729526117
2.082137417275735
2.6898836358477505
5.387114477729202
5.627464719537165
4.31035408737098
11.84842954225887
5.584174616249349
1.7023064475501235
13.415790126713691
13.065224606015228
5.887092227395243
7.943948763867871
6.474749814609234
3.555979868584152
3.952237871870578
2.2536361643805063
4.087890647707308
2.773468960068403
3.8458429622691352
8.44392359657092
9.747977793441171
4.293971656780933
10.414236249279314
4.8217700472394345
2.9893529691589933
8.16946728721893
4.252256333594064
3.48613832685944
4.993768457364907
2.87904796265559
6.899044345827961
7.274146120150862
8.530341526128906
4.118943384019353
6.594135243940337
4.268301494775287
4.362782804021114
2.591753704430217
8.63624717866258
10.615866892128789
13.022956200121937
7.1053955888971965
4.858520329233021
2.864189568648901
4.998942399997051
4.130507586421614
3.729471521145284
1.9604342285348881
4.6707020276595905
10.731642453835756
2.0278257681764678
5.719568835448592
2.620812159626108
8.985736898964111
6.339626114584187
7.946553850638305
3.5556963742901355
3.1118980540312364
4.650275808090316
4.767202454986473
2.648510955884712
9.008904055622974
8.641436155311565
10.54771417138779
11.66504274147964
8.320950975829987
7.854216623849774
3.002504122450399
4.416117987159344
3.933596562556959
6.190891936930516
6.932147206030245
12.524181260887994
5.384958660822301
6.559628225183355
12.114119838253384
9.996754330338968
4.554027264556579
3.5961074397355683
2.7821167647901848
4.583235681725763
2.3180821608948103
12.757275708263435
11.752205069660203
6.731407976935871
8.95885338574999
9.918936301943642
3.9040255416424987
3.19182925459862
11.29006283062287
2.9073987899320146
3.653650176684468
7.534605264055944
3.030796124125476
3.6176327472862218
7.235132493155208
8.647693937392386
3.280170899152786
5.423706681365278
8.850368230944028
7.261956046970674
7.948427104622399
6.820047815411905
11.516169097310051
2.9632033257130326
3.254111928459373
6.699631205728575
10.213461787551092
8.724460266375056
11.333888064689006
12.492005128404866
3.0728550250273914
2.9120296280891536
3.9131509363783294
6.9073231897677
13.907680728345177
4.646855231869019
10.222727780417424
2.967484761836249
3.6691763683799445
4.028220015132811
5.187017367340769
4.279711783596451
6.617432098004039
8.509045633447249
3.279995174907286
2.4764625946165135
4.871973380883492
3.2311870728609353
11.60279993229257
12.667279107753481
4.921255643933714
3.1689704126008627
2.9562865195525703
8.552189101477463
7.001864309184915
3.0636304462864503
9.93240173967319
10.474920735104638
0.9780379217263147
5.351405247908789
4.3204889639794954
11.995962897361101
6.6004271466423665
9.492184298446436
3.5600784057313746
9.634458561463347
2.8016125483052976
4.318101050456553
8.44213780023253
3.0063713867805015
5.051339191418282
3.1097985840437987
5.751550231962396
4.016056048695326
12.731063513691856
7.9469531272702465
3.7376002629519873
4.299827511348274
4.199669377784512
10.337115995309476
4.009922492721845
2.95536803468018
4.449284890862819
2.7347639034149385
3.4665223538156305
5.392118842761456
12.474575194232282
4.593426440375601
9.03618987089554
4.398171863759218
3.1484539463886856
2.386907932902804
2.0644074606435434
9.908040401086396
8.997587039683102
8.917135557295408
11.560457001294417
4.245093526372466
2.8374502550952747
3.8050127827697193
4.625034523221581
11.025527222030222
13.847748357787735
3.9528377140238184
7.398542131572965
3.457781136034723
3.2845326914784754
7.295164553126864
3.8541485286845316
7.237155991778784
7.298436557826405
12.883906538699335
3.1472959024202294
1.9370467656717552
9.516513181373517
2.1619430469840344
3.919790837596714
4.039144530916324
1.4756105493538572
4.38656171570394
3.4612004412709396
4.481116735350025
8.961383519111614
4.827724009545612
9.279711021310067
4.727520363242625
8.758572700548632
10.880043864588165
4.691381731413007
6.291004157549724
5.126185296298314
2.3953052375631847
9.731924322630775
10.140978063463466
10.081786370052782
10.399442177938027
1.6018727153283903
8.27862384046903
3.263485840618483
11.350081329159833
4.024337819001849
3.528021177619481
3.0564399631705625
5.488058643784009
4.270378578433699
1.1103133716327993
4.3068688136427955
3.6862437744908805
3.3987473623836575
2.9251157391459057
5.7772094361540605
5.875307679900756
6.23172221213314
10.330017005134986
3.9752565493934933
3.957768981389715
12.824956397932622
13.492502988480489
7.377124388144899
7.866936391231015
10.493714580980688
13.32712506124026
3.9507880670937547
3.5133714214087446
4.135167616937314
7.12118824116931
3.388427310227869
13.941729412051368
10.108591137835495
9.917394173054051
10.157976748364197
4.101964326426231
7.42649897191367
11.188824550634184
3.5050799556493883
6.920107402205458
5.411422881608717
5.9802696682486856
2.651324427057105
3.6833776266329026
3.666833692096877
4.8754843002463035
7.302431974673256
8.896523777412474
13.803910381986698
5.239496397614969
3.3908687349064532
12.529717830438218
1.5588383298849304
2.3182558971808103
4.263389389252958
2.822369454438972
12.318345456312919
11.696913323142706
13.41622291188137
4.535285296206389
11.685159453004921
8.679091796225253
4.388099912486164
12.050692074684845
9.222348117691086
3.607966338255056
4.3533829206044485
5.930370097677164
3.0320023878973568
6.216292591067198
3.8160601005577783
9.909181275898368
7.288334144698892
2.258914171374932
4.903298183761125
5.664916336568923
10.736241823023347
10.960938567620158
10.069975171194791
2.8499776512090915
3.4718924760223144
4.54689379552978
10.018123121214593
13.83973134025591
5.34598253095255
7.10931073611062
3.9990408431048547
11.429983604843043
3.012743270700687
4.566103352095174
10.402125865980706
4.398001743156375
4.669972954017675
0.5413178844925141
3.299953886337153
10.063906101659997
13.173229013511204
11.033025447965375
5.77049785220863
8.759089963523625
3.5827543042258294
5.195597817921408
6.168558422982603
6.530108859303456
6.071750967327308
2.3072983684831705
5.413155685044601
7.838520952485162
12.824341239478056
4.159535257803135
5.028696922421358
4.271522317124253
4.597137488395335
3.0527746495581223
3.9110091866365355
12.613532642246478
4.995494981833501
8.659290560269701
3.4090281826997217
12.351408770228428
9.844606275363349
12.379409346551288
6.080200573650461
6.903159959685284
3.005009723571138
4.906651879487017
13.73368011560928
2.746135306870822
8.735958097415093
2.9061109111009147
5.111901183249645
12.02131484161574
8.044038510321409
2.6074978624337097
9.946629620142973
11.273382014604476
4.9550641945839615
6.673570003714355
2.6018447786473202
10.73021375834844
2.7829849001158538
8.705066134889732
8.118101006731353
2.535714469074968
9.035918178865376
5.497337309724483
4.281220932885398
12.944111436096868
2.358256033289032
2.86265895205773
3.8769818479377802
5.097112930888828
7.766647781836452
3.5218062829390253
5.003834357176849
4.12515333866921
3.9723307723796815
4.973411853095625
