5096.96
5088.49
5095.88
5096.17
5098.32
5084.75
5087.37
5114.6
5105.28
5110.53
5109.07
5111.95
5106.93
5109.75
5118.09
5117.41
5131.08
5132.63
5121.69
5130.53
5119.31
5123.61
5140.61
5153.28
5140.98
5145.62
5140.47
5140.07
5156.98
5161.15
5166.75
5172.94
5168.64
5162.62
5169.11
5166.96
5166.38
5194.48
5181.56
5190.66
5186.01
5209.63
5202.6
5211.94
5200.38
5201.7
5210.35
5212.46
5196.33
5213.04
5204.99
5215.64
5217.65
5226.6
5230.91
5220.63
5215.22
5214.38
5222.7
5215.2
5237.53
5251.44
5250.14
5249.17
5238.07
5243.26
5240.13
5247.44
5261.74
5264.69
5262.1
5252.75
5260.32
5269.7
5269.69
5265.7
5257.4
5266.03
5283.16
5277.73
5284.07
5274.15
5279.36
5287.72
5286.75
5277.28
5275.35
5287.97
5277.66
5284.05
5289.17
5282.18
5283.49
5287.31
5279.35
5288.56
5278.57
5286.48
5284
5307.31
5299.17
5294.1
5308.05
5307.48
5292.81
5306.74
5302.18
5298.21
5301.77
5295.34
5304.93
5295.84
5298.49
5294.3
5293.56
5314.25
5319.57
5316.91
5312.22
5326.23
5310.96
5311.4
5337.41
5342.45
5346.71
5345.77
5341
5354.28
5361.25
5354
5352.59
5370.41
5377.11
5370.64
5368.9
5379.91
5368.38
5381.08
5369.12
5399.16
5386.42
5403.05
5405
5432.91
5426.35
5427.56
5457.16
5455.92
5473.47
5479.38
5473.15
5475.43
5481.78
5482.56
5489.88
5481.49
5500.33
5502.89
5507.77
5533.57
5528.89
5532.36
5518.99
5521
5537
5540.88
